1 0.26640625 0.45234375 0.025 0.0375
3 0.21953125 0.7015625 0.0515625 0.1640625
3 0.25546875 0.70546875 0.04375 0.18515625
3 0.32578125 0.5484375 0.025 0.11953125
3 0.31796875 0.5703125 0.025 0.1171875
3 0.48828125 0.61796875 0.034375 0.16875
4 0.46328125 0.54765625 0.01953125 0.0953125
3 0.528125 0.590625 0.03984375 0.15234375
3 0.59140625 0.590625 0.0359375 0.15390625
3 0.7078125 0.5984375 0.03828125 0.1328125
3 0.9453125 0.58046875 0.04765625 0.15859375
3 0.88203125 0.6234375 0.0578125 0.1859375
0 0.93515625 0.55234375 0.01171875 0.01796875
4 0.021875 0.66484375 0.040625 0.20078125