1 0.26015625 0.453125 0.025 0.0375
3 0.23203125 0.6984375 0.05 0.1609375
3 0.26015625 0.70390625 0.06015625 0.1890625
3 0.3265625 0.54765625 0.025 0.1171875
3 0.3140625 0.5703125 0.0265625 0.11328125
3 0.43984375 0.6109375 0.053125 0.1515625
4 0.45546875 0.521875 0.01796875 0.0453125
3 0.45859375 0.58984375 0.03359375 0.15
3 0.48828125 0.59453125 0.0375 0.15625
3 0.62734375 0.59765625 0.0390625 0.12265625
3 0.7609375 0.5828125 0.0328125 0.1546875
3 0.63046875 0.59140625 0.04609375 0.153125
0 0.7390625 0.60546875 0.01171875 0.01796875
4 0.9109375 0.66328125 0.0546875 0.19140625
4 0.028125 0.64765625 0.03515625 0.1859375