1 0.259375 0.45 0.025 0.0375
3 0.29609375 0.68515625 0.04453125 0.171875
3 0.35859375 0.67890625 0.06796875 0.1828125
3 0.32265625 0.54453125 0.02890625 0.115625
3 0.31328125 0.56953125 0.0265625 0.11328125
3 0.40859375 0.590625 0.0234375 0.14375
4 0.4546875 0.54375 0.01484375 0.0921875
3 0.43359375 0.5921875 0.03515625 0.15390625
3 0.44609375 0.6 0.04921875 0.15859375
3 0.60078125 0.60078125 0.04296875 0.11875
3 0.69296875 0.59140625 0.02734375 0.134375
3 0.55703125 0.578125 0.0296875 0.15234375
0 0.678125 0.56875 0.01171875 0.01953125
4 0.8125 0.665625 0.04375 0.19296875
4 0.03125 0.65 0.0375 0.1953125