1 0.26015625 0.453125 0.025 0.0375
3 0.23515625 0.69921875 0.05234375 0.17109375
3 0.26484375 0.70625 0.0609375 0.18515625
3 0.32578125 0.54765625 0.025 0.1171875
3 0.31328125 0.57109375 0.0265625 0.11328125
3 0.4390625 0.61015625 0.05546875 0.1515625
4 0.4546875 0.5140625 0.01640625 0.0296875
3 0.4578125 0.590625 0.02734375 0.1515625
3 0.484375 0.596875 0.04375 0.153125
3 0.6265625 0.596875 0.0390625 0.1234375
3 0.75625 0.57890625 0.03203125 0.1546875
3 0.621875 0.5921875 0.03046875 0.1515625
0 0.73125 0.634375 0.01171875 0.01796875
4 0.89609375 0.66796875 0.05234375 0.18984375
4 0.02890625 0.646875 0.034375 0.18671875