1 0.25703125 0.446875 0.025 0.0375
3 0.3703125 0.59375 0.03671875 0.16015625
3 0.37109375 0.540625 0.03671875 0.1125
3 0.30703125 0.5671875 0.0359375 0.11015625
4 0.45 0.540625 0.02109375 0.0953125
3 0.41171875 0.60703125 0.0390625 0.17421875
3 0.50390625 0.61328125 0.0609375 0.13125
3 0.52578125 0.61640625 0.053125 0.15
3 0.5859375 0.6015625 0.034375 0.1734375
3 0.4921875 0.55625 0.02421875 0.11796875
4 0.7125 0.665625 0.0421875 0.1859375
4 0.01640625 0.646875 0.02890625 0.190625
3 0.41875 0.5703125 0.02421875 0.1234375
3 0.62578125 0.621875 0.05625 0.17734375