1 0.25859375 0.44921875 0.025 0.0375
3 0.37734375 0.6578125 0.053125 0.15390625
3 0.32734375 0.54453125 0.02890625 0.115625
3 0.31328125 0.56953125 0.0265625 0.11328125
3 0.409375 0.5921875 0.0328125 0.1484375
4 0.4546875 0.54296875 0.01875 0.0953125
3 0.42265625 0.59921875 0.034375 0.1578125
3 0.4703125 0.6546875 0.05546875 0.17890625
3 0.575 0.60390625 0.03671875 0.12578125
3 0.64296875 0.59921875 0.0375 0.15234375
3 0.53515625 0.565625 0.025 0.1453125
0 0.65 0.6203125 0.0125 0.01953125
4 0.7640625 0.59765625 0.040625 0.07109375
4 0.028125 0.65 0.03046875 0.1953125
3 0.4 0.58203125 0.0203125 0.1234375