1 0.25625 0.44453125 0.025 0.0375
3 0.35859375 0.59375 0.03125 0.1625
3 0.39296875 0.5484375 0.0359375 0.1
3 0.3234375 0.565625 0.040625 0.11328125
4 0.4484375 0.5390625 0.02265625 0.096875
3 0.41796875 0.60625 0.0390625 0.17421875
3 0.47578125 0.61171875 0.0515625 0.1421875
3 0.5640625 0.61640625 0.0328125 0.13046875
3 0.5671875 0.61875 0.04453125 0.1609375
3 0.4765625 0.55625 0.028125 0.1359375
4 0.7125 0.665625 0.0421875 0.1859375
4 0.0140625 0.64609375 0.028125 0.1890625
3 0.4296875 0.5609375 0.0453125 0.1109375
3 0.64609375 0.609375 0.05234375 0.1625
0 0.62734375 0.6125 0.009375 0.01953125