1 0.26640625 0.45390625 0.025 0.0375
3 0.21875 0.70390625 0.0515625 0.1625
3 0.2546875 0.70625 0.04609375 0.18515625
3 0.32890625 0.54921875 0.03046875 0.1171875
3 0.31796875 0.57265625 0.02578125 0.11484375
3 0.48046875 0.61875 0.02890625 0.16875
4 0.4625 0.54765625 0.01953125 0.0953125
3 0.52109375 0.590625 0.0359375 0.15234375
3 0.56484375 0.59296875 0.04921875 0.1515625
3 0.68828125 0.5984375 0.03046875 0.128125
3 0.9015625 0.58203125 0.0359375 0.1453125
3 0.81328125 0.6171875 0.03359375 0.1734375
0 0.88125 0.58828125 0.01171875 0.02109375
4 0.02421875 0.66015625 0.04609375 0.190625