2 0.8796875 0.9265625 0.0203125 0.03046875
5 0.85703125 0.928125 0.0171875 0.02734375
8 0.8265625 0.92578125 0.034375 0.0375
7 0.784375 0.92578125 0.01953125 0.03984375
7 0.70703125 0.92578125 0.02421875 0.04140625
4 0.76015625 0.765625 0.1625 0.46875
3 0.871875 0.43671875 0.0703125 0.228125
3 0.96953125 0.55 0.0609375 0.421875
3 0.7625 0.43984375 0.0953125 0.21953125
3 0.43671875 0.51484375 0.14609375 0.28984375
4 0.175 0.44921875 0.05703125 0.17578125
3 0.053125 0.46015625 0.103125 0.2828125
3 0.246875 0.6828125 0.23515625 0.5140625
3 0.384375 0.52578125 0.11015625 0.259375
0 0.40078125 0.51640625 0.0234375 0.04296875