6 0.35625 0.84453125 0.090625 0.0265625
8 0.4984375 0.84921875 0.03984375 0.02890625
5 0.48359375 0.8796875 0.0203125 0.02890625
2 0.5109375 0.87890625 0.02578125 0.02734375
7 0.55859375 0.86484375 0.03984375 0.05234375
6 0.61640625 0.84375 0.03359375 0.02421875
4 0.91171875 0.6765625 0.0671875 0.2734375
1 0.5828125 0.17265625 0.03984375 0.07890625
3 0.59921875 0.44453125 0.06015625 0.25
3 0.59609375 0.540625 0.06015625 0.28359375
3 0.3625 0.4703125 0.0796875 0.2578125
3 0.40078125 0.690625 0.1171875 0.2140625
3 0.08828125 0.4484375 0.09765625 0.26171875
3 0.1578125 0.51328125 0.0890625 0.27265625