6 0.35546875 0.84453125 0.08828125 0.0203125
6 0.61640625 0.84375 0.034375 0.021875
7 0.440625 0.86484375 0.03828125 0.05
7 0.55859375 0.8640625 0.03984375 0.05234375
8 0.4984375 0.84921875 0.03828125 0.0296875
5 0.484375 0.8796875 0.01953125 0.02890625
2 0.51171875 0.8796875 0.01875 0.025
3 0.15625 0.5359375 0.06640625 0.253125
4 0.33359375 0.76015625 0.0484375 0.06953125
3 0.303125 0.5484375 0.05859375 0.225
3 0.4953125 0.7171875 0.0515625 0.159375
3 0.55859375 0.65546875 0.04921875 0.27265625
3 0.61640625 0.45234375 0.06640625 0.2546875
3 0.66796875 0.43359375 0.04921875 0.2453125
3 0.490625 0.440625 0.06171875 0.23203125
3 0.4875 0.30703125 0.040625 0.13046875
4 0.4 0.21484375 0.046875 0.20390625
3 0.29453125 0.278125 0.071875 0.20390625
3 0.38828125 0.43046875 0.0515625 0.24453125
1 0.7671875 0.2 0.03828125 0.07265625