6 0.35546875 0.84453125 0.08828125 0.0203125
6 0.61640625 0.84375 0.034375 0.021875
7 0.440625 0.86484375 0.0390625 0.05
7 0.55859375 0.8640625 0.03984375 0.05234375
8 0.49921875 0.84921875 0.0453125 0.0296875
5 0.484375 0.8796875 0.01953125 0.02890625
2 0.5109375 0.8796875 0.0265625 0.025
0 0.7578125 0.3796875 0.015625 0.0296875
4 0.728125 0.2140625 0.04296875 0.18984375
3 0.496875 0.2109375 0.0421875 0.19140625
4 0.0421875 0.57890625 0.03515625 0.2171875
4 0.6171875 0.70546875 0.06015625 0.1765625
3 0.81171875 0.39765625 0.08515625 0.203125
3 0.4484375 0.3171875 0.04375 0.1921875
3 0.4171875 0.365625 0.05234375 0.2125
3 0.45546875 0.39140625 0.07421875 0.21875
3 0.54921875 0.4859375 0.05625 0.225
3 0.60859375 0.5015625 0.0671875 0.221875
3 0.62421875 0.40859375 0.0484375 0.21640625
3 0.1890625 0.66484375 0.0453125 0.215625
3 0.27890625 0.58671875 0.07578125 0.2140625
1 0.34296875 0.19375 0.0328125 0.07265625