2 0.07109375 0.94375 0.0875 0.02890625
8 0.22421875 0.94375 0.028125 0.03515625
7 0.18046875 0.85078125 0.04609375 0.053125
7 0.11953125 0.8484375 0.04609375 0.05390625
3 0.83046875 0.253125 0.04609375 0.1953125
3 0.60859375 0.68046875 0.07578125 0.22890625
3 0.66796875 0.58125 0.0421875 0.22734375
3 0.696875 0.35 0.02890625 0.146875
4 0.43984375 0.2671875 0.028125 0.15234375
3 0.42734375 0.3640625 0.04609375 0.1515625
0 0.2921875 0.365625 0.01328125 0.021875
3 0.25703125 0.3515625 0.06328125 0.14609375
3 0.23828125 0.34765625 0.07421875 0.15625
3 0.175 0.38359375 0.0546875 0.16796875