7 0.44140625 0.86484375 0.04453125 0.05859375
7 0.5578125 0.8625 0.04296875 0.05078125
6 0.6171875 0.84453125 0.034375 0.02578125
6 0.35625 0.84453125 0.090625 0.0265625
8 0.49921875 0.84765625 0.046875 0.0328125
5 0.484375 0.8796875 0.021875 0.0296875
2 0.5109375 0.87890625 0.02578125 0.028125
3 0.34375 0.3671875 0.08359375 0.18671875
3 0.528125 0.45390625 0.06015625 0.1453125
3 0.5984375 0.44921875 0.0359375 0.20859375
3 0.665625 0.4953125 0.06328125 0.20078125
0 0.659375 0.6046875 0.02265625 0.03046875
3 0.7609375 0.61640625 0.06640625 0.18125
4 0.71640625 0.3640625 0.02109375 0.1765625
4 0.021875 0.3703125 0.04375 0.165625
3 0.553125 0.515625 0.0484375 0.13125
3 0.5453125 0.60625 0.08515625 0.19375
3 0.61484375 0.6234375 0.0890625 0.23515625
3 0.44921875 0.5484375 0.034375 0.2203125
1 0.66484375 0.30625 0.03125 0.065625