4 0.23359375 0.29453125 0.04453125 0.18046875
4 0.87265625 0.2828125 0.06328125 0.203125
3 0.91484375 0.63046875 0.10703125 0.25078125
3 0.78671875 0.54609375 0.06953125 0.26171875
3 0.44375 0.47421875 0.0515625 0.19453125
4 0.29453125 0.76875 0.05234375 0.1734375
0 0.4453125 0.4515625 0.01640625 0.034375
6 0.35625 0.84453125 0.0875 0.0171875
6 0.61640625 0.84375 0.034375 0.0234375
8 0.49921875 0.85 0.03671875 0.02890625
5 0.48359375 0.8796875 0.01796875 0.02421875
2 0.51171875 0.8796875 0.02578125 0.02265625
7 0.44140625 0.86484375 0.04296875 0.0515625
7 0.559375 0.86328125 0.04296875 0.0515625
1 0.3140625 0.21640625 0.03828125 0.08125
3 0.29296875 0.534375 0.06796875 0.23984375
3 0.38125 0.421875 0.08359375 0.24140625
3 0.39921875 0.53671875 0.0609375 0.240625
3 0.421875 0.45234375 0.03515625 0.178125
3 0.47890625 0.4125 0.0703125 0.19453125
3 0.49609375 0.52578125 0.096875 0.2390625