4 0.1609375 0.265625 0.0421875 0.17265625
3 0.06171875 0.4703125 0.03984375 0.196875
3 0.41015625 0.43671875 0.0546875 0.19921875
3 0.54296875 0.2421875 0.0328125 0.146875
3 0.715625 0.52734375 0.06171875 0.1953125
4 0.6171875 0.721875 0.03984375 0.17734375
3 0.8703125 0.6328125 0.06328125 0.203125
0 0.65390625 0.271875 0.01484375 0.025
3 0.6234375 0.41328125 0.065625 0.1765625
3 0.61484375 0.44296875 0.05 0.17734375
3 0.6125 0.38046875 0.04765625 0.19453125
3 0.621875 0.30625 0.028125 0.0859375
3 0.64765625 0.33203125 0.03828125 0.1921875
4 0.70703125 0.2875 0.0359375 0.16171875
1 0.62734375 0.21015625 0.03046875 0.0421875
6 0.3390625 0.903125 0.04609375 0.0328125
6 0.47890625 0.90703125 0.05078125 0.0359375
7 0.41015625 0.90546875 0.065625 0.03671875
7 0.55 0.90703125 0.06328125 0.0359375
2 0.61171875 0.90703125 0.028125 0.03203125
8 0.67734375 0.9078125 0.04609375 0.034375
5 0.73984375 0.90703125 0.02890625 0.03671875