7 0.70625 0.92734375 0.01796875 0.03984375
7 0.7828125 0.92734375 0.0125 0.03984375
5 0.85703125 0.9265625 0.01796875 0.02734375
2 0.8796875 0.92734375 0.021875 0.03203125
8 0.82734375 0.9265625 0.03671875 0.03125
3 0.1625 0.7640625 0.071875 0.26953125
0 0.2859375 0.4625 0.01953125 0.03828125
1 0.37421875 0.2921875 0.03515625 0.06484375
4 0.35078125 0.3546875 0.0296875 0.15703125
3 0.34921875 0.5484375 0.071875 0.22265625
3 0.33046875 0.63046875 0.10625 0.2390625
4 0.47578125 0.87421875 0.0578125 0.24140625
3 0.9640625 0.7375 0.071875 0.253125
4 0.92578125 0.3828125 0.034375 0.203125
3 0.740625 0.37109375 0.03984375 0.19765625
3 0.61171875 0.3984375 0.04375 0.2
3 0.640625 0.54296875 0.06875 0.23046875
3 0.75078125 0.61328125 0.04921875 0.215625
3 0.30234375 0.58203125 0.05703125 0.25703125
3 0.47109375 0.51484375 0.0546875 0.22578125