4 0.378125 0.79609375 0.053125 0.27421875
4 0.271875 0.29921875 0.04921875 0.19296875
0 0.4828125 0.31875 0.01328125 0.0296875
4 0.86796875 0.29765625 0.04609375 0.2015625
3 0.8515625 0.57421875 0.06171875 0.26171875
3 0.7515625 0.52109375 0.06796875 0.24609375
3 0.6578125 0.51015625 0.04921875 0.246875
3 0.6015625 0.45625 0.04921875 0.23984375
3 0.503125 0.2796875 0.0375 0.25625
3 0.4890625 0.3015625 0.0328125 0.13203125
3 0.51328125 0.28125 0.0640625 0.303125
3 0.546875 0.540625 0.071875 0.26171875
3 0.4234375 0.5109375 0.1203125 0.2421875
3 0.12578125 0.7390625 0.08984375 0.28203125
1 0.31328125 0.215625 0.03515625 0.06875
6 0.81171875 0.8203125 0.04296875 0.03359375
6 0.8109375 0.86484375 0.0421875 0.0328125
7 0.86484375 0.81953125 0.0234375 0.03515625
7 0.86484375 0.86640625 0.02265625 0.03671875
8 0.9203125 0.82265625 0.034375 0.02734375
2 0.90546875 0.865625 0.02265625 0.025
5 0.93359375 0.86640625 0.015625 0.02890625