2 0.8796875 0.9265625 0.0203125 0.03046875
5 0.85703125 0.928125 0.0171875 0.02734375
8 0.82578125 0.92578125 0.028125 0.0359375
7 0.784375 0.92578125 0.01953125 0.03984375
7 0.70703125 0.92578125 0.02421875 0.04140625
3 0.73359375 0.59765625 0.0859375 0.303125
3 0.6890625 0.425 0.05546875 0.25078125
3 0.66640625 0.4390625 0.06875 0.27734375
3 0.59453125 0.58515625 0.10078125 0.21875
3 0.6453125 0.67265625 0.07109375 0.3015625
3 0.2484375 0.65859375 0.08828125 0.25390625
3 0.1546875 0.81640625 0.08515625 0.33203125
3 0.109375 0.50234375 0.10390625 0.2421875
3 0.19140625 0.41484375 0.078125 0.2515625
0 0.53828125 0.69140625 0.021875 0.0375
1 0.69375 0.26171875 0.0453125 0.07734375