6 0.35546875 0.84453125 0.08828125 0.0203125
6 0.61640625 0.84375 0.034375 0.021875
7 0.440625 0.86484375 0.03828125 0.05
7 0.55859375 0.8640625 0.03984375 0.05234375
8 0.4984375 0.84921875 0.03828125 0.0296875
5 0.484375 0.87890625 0.0125 0.0234375
2 0.51171875 0.8796875 0.01875 0.025
1 0.3671875 0.1375 0.034375 0.07265625
4 0.0765625 0.49765625 0.046875 0.2453125
4 0.6203125 0.696875 0.053125 0.19921875
4 0.72109375 0.1671875 0.04140625 0.1984375
3 0.28203125 0.57734375 0.05234375 0.27421875
3 0.31015625 0.53671875 0.096875 0.24296875
3 0.40546875 0.45625 0.071875 0.22890625
3 0.425 0.43671875 0.0453125 0.27265625
3 0.58984375 0.18203125 0.04765625 0.18046875
3 0.59140625 0.38046875 0.1046875 0.19453125
3 0.61484375 0.5390625 0.07265625 0.23359375
3 0.71015625 0.47265625 0.059375 0.2125
3 0.74140625 0.49296875 0.096875 0.24375
3 0.90859375 0.27734375 0.05390625 0.21015625