7 0.70625 0.92734375 0.01796875 0.03984375
7 0.7828125 0.92734375 0.0125 0.03984375
5 0.85703125 0.9265625 0.01796875 0.02734375
2 0.8796875 0.92734375 0.021875 0.03203125
8 0.82734375 0.9265625 0.03671875 0.03125
4 0.59921875 0.90703125 0.059375 0.18515625
4 0.3328125 0.359375 0.05 0.18203125
3 0.8046875 0.38984375 0.05234375 0.21953125
3 0.534375 0.47109375 0.05703125 0.2265625
0 0.25859375 0.44375 0.01640625 0.03046875
3 0.24140625 0.4765625 0.05546875 0.2421875
3 0.4515625 0.55703125 0.05390625 0.2765625
3 0.59296875 0.6953125 0.05 0.2578125
3 0.66640625 0.55078125 0.06953125 0.2203125
3 0.84140625 0.8125 0.0859375 0.30625
1 0.3625 0.275 0.0375 0.071875