8 0.8265625 0.9265625 0.0375 0.03046875
7 0.78125 0.925 0.025 0.0359375
2 0.878125 0.92421875 0.02109375 0.028125
5 0.85703125 0.92734375 0.01953125 0.0328125
7 0.70859375 0.9234375 0.0203125 0.03984375
1 0.0109375 0.2640625 0.021875 0.065625
4 0.06875 0.30625 0.0328125 0.134375
4 0.32890625 0.79765625 0.046875 0.20234375
3 0.240625 0.740625 0.0875 0.24453125
3 0.23125 0.48671875 0.06171875 0.1984375
3 0.3 0.571875 0.053125 0.20703125
3 0.36953125 0.4484375 0.065625 0.20078125
3 0.3734375 0.3828125 0.0828125 0.14765625
0 0.4703125 0.36328125 0.015625 0.0234375
3 0.4421875 0.34921875 0.06953125 0.1390625
3 0.44609375 0.590625 0.05390625 0.21484375
3 0.53828125 0.7296875 0.0578125 0.22265625
3 0.83671875 0.384375 0.07890625 0.171875