7 0.7078125 0.92734375 0.02109375 0.03984375
7 0.7828125 0.92734375 0.02109375 0.03984375
5 0.85703125 0.9265625 0.01796875 0.02734375
2 0.8796875 0.92734375 0.021875 0.03203125
8 0.82734375 0.9265625 0.03671875 0.03125
0 0.44609375 0.21328125 0.01171875 0.0234375
3 0.4484375 0.29921875 0.0328125 0.1671875
3 0.4234375 0.34921875 0.05 0.18515625
3 0.24296875 0.3421875 0.03359375 0.15078125
1 0.259375 0.27578125 0.03046875 0.06171875
3 0.28828125 0.59375 0.0328125 0.2203125
3 0.27578125 0.73203125 0.06328125 0.27890625
4 0.35625 0.81953125 0.0515625 0.2515625
3 0.590625 0.73984375 0.05703125 0.25234375
3 0.53671875 0.5875 0.03359375 0.23828125
3 0.54609375 0.46796875 0.059375 0.21484375
3 0.69140625 0.4921875 0.0484375 0.21484375
3 0.6671875 0.546875 0.04296875 0.21796875
3 0.85 0.55703125 0.0453125 0.2171875
4 0.95546875 0.359375 0.0453125 0.1890625