4 0.1609375 0.265625 0.0421875 0.17265625
3 0.30703125 0.44140625 0.0890625 0.20390625
3 0.26640625 0.640625 0.07734375 0.2328125
3 0.28828125 0.29609375 0.07890625 0.175
3 0.721875 0.49609375 0.06875 0.21171875
4 0.4125 0.7578125 0.059375 0.1578125
0 0.690625 0.4546875 0.01484375 0.025
3 0.41875 0.60859375 0.059375 0.23359375
3 0.35 0.2546875 0.0703125 0.171875
3 0.6140625 0.328125 0.0734375 0.1609375
3 0.4578125 0.47109375 0.0421875 0.18046875
4 0.74765625 0.2796875 0.05703125 0.15078125
1 0.85625 0.19453125 0.03046875 0.05546875
6 0.3390625 0.90234375 0.04609375 0.0328125
6 0.47890625 0.90703125 0.05078125 0.0359375
7 0.41015625 0.90546875 0.065625 0.03671875
7 0.55 0.90703125 0.06328125 0.0359375
2 0.61875 0.90703125 0.028125 0.03203125
8 0.68515625 0.9078125 0.04609375 0.034375