6 0.7828125 0.84921875 0.0453125 0.03125
6 0.7828125 0.8875 0.040625 0.03828125
7 0.828125 0.84921875 0.028125 0.03515625
7 0.82734375 0.88828125 0.02734375 0.03671875
8 0.87890625 0.84765625 0.04375 0.03515625
2 0.86484375 0.89140625 0.02421875 0.03046875
5 0.89453125 0.8890625 0.01953125 0.03203125
4 0.68125 0.390625 0.05 0.18125
4 0.1015625 0.61484375 0.04765625 0.240625
3 0.2171875 0.56484375 0.059375 0.240625
0 0.31015625 0.40625 0.01953125 0.034375
3 0.2921875 0.46328125 0.06875 0.18515625
3 0.36328125 0.49921875 0.053125 0.21015625
3 0.365625 0.54453125 0.0453125 0.2515625
3 0.43046875 0.51875 0.06015625 0.2171875
3 0.4140625 0.528125 0.0671875 0.2421875
3 0.540625 0.39375 0.04453125 0.16015625
3 0.5765625 0.48515625 0.0546875 0.21796875
1 0.3484375 0.30859375 0.0359375 0.065625