2 0.071875 0.9453125 0.09140625 0.028125
5 0.22421875 0.9453125 0.028125 0.0390625
7 0.175 0.85 0.03515625 0.05625
7 0.1234375 0.8484375 0.0390625 0.053125
4 0.565625 0.75625 0.05390625 0.21171875
4 0.75546875 0.35390625 0.040625 0.1859375
0 0.7828125 0.125 0.01796875 0.03515625
1 0.69609375 0.25078125 0.0375 0.06484375
3 0.18515625 0.40703125 0.06015625 0.209375
3 0.4671875 0.675 0.090625 0.2875
3 0.56484375 0.54453125 0.03828125 0.26328125
3 0.58984375 0.45625 0.0375 0.2390625
3 0.63359375 0.54609375 0.04609375 0.27421875
3 0.65078125 0.496875 0.0296875 0.2453125
3 0.68203125 0.42734375 0.04921875 0.23671875
3 0.77109375 0.43828125 0.0390625 0.2328125