7 0.70703125 0.92734375 0.0296875 0.03984375
7 0.784375 0.9265625 0.02890625 0.03984375
5 0.85703125 0.9265625 0.01796875 0.02734375
2 0.8796875 0.92734375 0.021875 0.03203125
8 0.82734375 0.9265625 0.0328125 0.03125
4 0.38671875 0.80859375 0.04765625 0.19375
3 0.30390625 0.73828125 0.04296875 0.2265625
3 0.31875 0.5625 0.059375 0.16328125
0 0.34375 0.23828125 0.01484375 0.02734375
1 0.3359375 0.3109375 0.0296875 0.059375
3 0.4328125 0.42109375 0.03828125 0.15625
3 0.41640625 0.50234375 0.0671875 0.1921875
3 0.496875 0.5015625 0.0703125 0.2109375
3 0.515625 0.35625 0.0359375 0.16328125
3 0.65390625 0.38671875 0.05703125 0.16875
3 0.73515625 0.38828125 0.0484375 0.19609375
3 0.6984375 0.62421875 0.05625 0.2234375
4 0.80390625 0.36171875 0.03203125 0.15078125