2 0.8796875 0.9265625 0.0203125 0.03046875
5 0.85703125 0.928125 0.0171875 0.02734375
8 0.82578125 0.92578125 0.028125 0.0359375
7 0.784375 0.92578125 0.01953125 0.03984375
7 0.70703125 0.92578125 0.02421875 0.04140625
3 0.23828125 0.84609375 0.08203125 0.30703125
3 0.31796875 0.53359375 0.05859375 0.2859375
3 0.34140625 0.5375 0.06875 0.3125
3 0.27265625 0.55859375 0.08359375 0.2828125
3 0.3921875 0.5203125 0.07734375 0.28125
3 0.4953125 0.7234375 0.07578125 0.365625
3 0.6734375 0.64296875 0.08828125 0.28984375
3 0.7796875 0.52578125 0.059375 0.2703125
3 0.8625 0.82421875 0.11484375 0.31875
4 0.32890625 0.30546875 0.0390625 0.21796875
4 0.36640625 0.8890625 0.07109375 0.221875
1 0.36015625 0.24765625 0.0390625 0.08828125
0 0.3640625 0.234375 0.0171875 0.03515625