8 0.8265625 0.9265625 0.0375 0.03046875
7 0.78125 0.925 0.025 0.0359375
7 0.70703125 0.92578125 0.0265625 0.0390625
2 0.878125 0.92421875 0.02109375 0.028125
5 0.85703125 0.92734375 0.01953125 0.0328125
4 0.475 0.88671875 0.0640625 0.22578125
3 0.2671875 0.80703125 0.0859375 0.28828125
0 0.35 0.27734375 0.01875 0.0359375
1 0.365625 0.2734375 0.034375 0.06875
4 0.29609375 0.375 0.03828125 0.1796875
3 0.8125 0.44765625 0.03984375 0.228125
3 0.75625 0.67265625 0.059375 0.25703125
3 0.38671875 0.465625 0.0609375 0.32734375
3 0.359375 0.4546875 0.053125 0.33203125
3 0.35546875 0.66875 0.0640625 0.30078125