2 0.8796875 0.9265625 0.0203125 0.03046875
5 0.85703125 0.928125 0.0171875 0.02734375
8 0.8265625 0.92578125 0.034375 0.0375
7 0.784375 0.92578125 0.01953125 0.03984375
7 0.70703125 0.92578125 0.02421875 0.04140625
0 0.4234375 0.6515625 0.01953125 0.03359375
4 0.3265625 0.76875 0.06328125 0.21171875
4 0.30234375 0.30546875 0.03046875 0.1484375
1 0.2984375 0.26484375 0.03125 0.06640625
4 0.87109375 0.328125 0.0484375 0.1671875
3 0.77109375 0.44296875 0.0546875 0.21875
3 0.6484375 0.46171875 0.05390625 0.19765625
3 0.4578125 0.615625 0.08359375 0.16484375
3 0.36875 0.57421875 0.053125 0.18125
3 0.34921875 0.5796875 0.0328125 0.2375
3 0.4078125 0.31953125 0.03515625 0.1640625
3 0.4265625 0.33828125 0.06875 0.14609375
3 0.4671875 0.36015625 0.06953125 0.171875
3 0.43203125 0.3953125 0.0484375 0.17265625