4 0.32734375 0.20859375 0.04375 0.18671875
3 0.09765625 0.56171875 0.0640625 0.24609375
6 0.35625 0.84453125 0.090625 0.0265625
7 0.440625 0.86484375 0.02734375 0.05859375
8 0.49921875 0.84921875 0.04921875 0.03203125
5 0.48359375 0.8796875 0.0203125 0.02890625
2 0.5109375 0.87890625 0.02578125 0.02734375
7 0.559375 0.865625 0.02578125 0.053125
6 0.61640625 0.84375 0.03359375 0.02421875
1 0.69609375 0.19140625 0.03671875 0.0671875
4 0.578125 0.71015625 0.0578125 0.16875
0 0.20625 0.2921875 0.01875 0.0375
3 0.82734375 0.6609375 0.08046875 0.22734375
3 0.62734375 0.53359375 0.05625 0.20546875
3 0.58984375 0.3703125 0.04375 0.1984375
3 0.55859375 0.40078125 0.0359375 0.21640625
3 0.3515625 0.32734375 0.05625 0.17578125
3 0.35859375 0.46875 0.06796875 0.22890625
3 0.39609375 0.4921875 0.08125 0.22421875
3 0.2625 0.3234375 0.0671875 0.20546875
3 0.3140625 0.515625 0.0421875 0.25078125