4 0.24453125 0.25390625 0.07578125 0.2453125
3 0.83359375 0.3046875 0.125 0.24765625
3 0.86328125 0.76796875 0.1234375 0.25078125
3 0.73515625 0.4234375 0.07734375 0.296875
3 0.40390625 0.49765625 0.1109375 0.28828125
3 0.19140625 0.33984375 0.06171875 0.28515625
3 0.321875 0.675 0.109375 0.29921875
0 0.21953125 0.478125 0.01875 0.03515625
6 0.35625 0.84453125 0.0875 0.0171875
6 0.61640625 0.84375 0.034375 0.0234375
8 0.49921875 0.85 0.03671875 0.02890625
5 0.48359375 0.8796875 0.01796875 0.02421875
2 0.51171875 0.8796875 0.02578125 0.02265625
7 0.44140625 0.86484375 0.04296875 0.0515625
7 0.559375 0.86328125 0.04296875 0.0515625
1 0.10859375 0.1140625 0.04296875 0.09140625