8 0.8265625 0.9265625 0.0375 0.03046875
7 0.78125 0.925 0.025 0.0359375
2 0.878125 0.92421875 0.02109375 0.028125
5 0.85703125 0.92734375 0.01953125 0.0328125
7 0.70859375 0.9234375 0.0203125 0.03984375
4 0.39140625 0.871875 0.0640625 0.25546875
3 0.30546875 0.7875 0.078125 0.2828125
3 0.9875 0.7 0.025 0.178125
4 0.98671875 0.3359375 0.02578125 0.19453125
4 0.35625 0.30390625 0.034375 0.178125
1 0.38671875 0.24375 0.0375 0.05703125
0 0.4046875 0.2953125 0.01796875 0.03046875
3 0.38828125 0.43828125 0.0390625 0.228125
3 0.403125 0.45546875 0.0515625 0.26640625
3 0.4578125 0.66796875 0.08125 0.28125
3 0.475 0.5015625 0.0375 0.24375
3 0.49453125 0.446875 0.06484375 0.24921875
3 0.54296875 0.49921875 0.08046875 0.190625
3 0.6046875 0.28359375 0.05390625 0.21875
3 0.60859375 0.53671875 0.06640625 0.24296875