8 0.8265625 0.9265625 0.0375 0.03046875
7 0.78125 0.925 0.025 0.0359375
2 0.878125 0.92421875 0.02109375 0.028125
5 0.85703125 0.92734375 0.01953125 0.0328125
7 0.70703125 0.9234375 0.0234375 0.03984375
0 0.165625 0.409375 0.015625 0.0328125
3 0.146875 0.428125 0.0515625 0.2484375
4 0.2890625 0.2890625 0.0375 0.2109375
3 0.53828125 0.390625 0.0484375 0.24453125
3 0.89609375 0.4765625 0.06796875 0.24609375
3 0.5703125 0.63828125 0.0640625 0.2515625
3 0.928125 0.43984375 0.04140625 0.2609375
3 0.93515625 0.271875 0.05703125 0.2171875
4 0.63671875 0.840625 0.0578125 0.2765625