6 0.35546875 0.84453125 0.08828125 0.0203125
6 0.61640625 0.84375 0.034375 0.021875
7 0.440625 0.86484375 0.0390625 0.05
7 0.55859375 0.8640625 0.03984375 0.05234375
8 0.4984375 0.84921875 0.03828125 0.0296875
5 0.484375 0.8796875 0.01953125 0.02890625
2 0.51171875 0.8796875 0.01875 0.025
0 0.5109375 0.37578125 0.01875 0.03359375
3 0.475 0.4046875 0.05546875 0.21796875
4 0.20390625 0.2296875 0.0703125 0.19765625
4 0.95078125 0.7484375 0.08125 0.23515625
3 0.56796875 0.240625 0.040625 0.1953125
3 0.4296875 0.5640625 0.09296875 0.2546875
3 0.484375 0.63125 0.0953125 0.2515625
3 0.340625 0.421875 0.10859375 0.22890625
3 0.24765625 0.41484375 0.059375 0.2296875
3 0.14140625 0.5453125 0.06015625 0.25
3 0.6875 0.40859375 0.065625 0.209375