7 0.7078125 0.92734375 0.02109375 0.03984375
7 0.78359375 0.92734375 0.0171875 0.03984375
5 0.85703125 0.9265625 0.01796875 0.02734375
2 0.8796875 0.92734375 0.021875 0.03203125
8 0.82734375 0.9265625 0.03671875 0.03125
1 0.63984375 0.31484375 0.03203125 0.06015625
4 0.6453125 0.3890625 0.0296875 0.16015625
3 0.021875 0.3953125 0.04375 0.20625
3 0.01484375 0.5015625 0.0296875 0.0546875
3 0.04921875 0.596875 0.0703125 0.23125
3 0.1890625 0.84765625 0.10546875 0.23125
4 0.19375 0.91484375 0.071875 0.1703125
0 0.725 0.4703125 0.0125 0.02578125
3 0.73984375 0.4921875 0.03984375 0.20234375
3 0.5609375 0.5359375 0.046875 0.234375
3 0.5859375 0.5625 0.05 0.22109375