3 0.0265625 0.5859375 0.053125 0.26796875
3 0.0609375 0.8171875 0.09609375 0.29375
3 0.20390625 0.63828125 0.040625 0.28046875
3 0.3828125 0.4 0.05859375 0.21875
3 0.39453125 0.47421875 0.075 0.240625
4 0.565625 0.3 0.034375 0.19296875
3 0.72109375 0.48125 0.09453125 0.2171875
0 0.53203125 0.465625 0.021875 0.0328125
1 0.55390625 0.25078125 0.04296875 0.07109375
7 0.840625 0.7953125 0.0296875 0.04765625
7 0.92265625 0.79453125 0.040625 0.05234375
2 0.815625 0.88828125 0.0328125 0.03125
8 0.865625 0.8875 0.03984375 0.03203125
5 0.92734375 0.88671875 0.0296875 0.03203125