3 0.7828125 0.471875 0.096875 0.240625
3 0.72890625 0.45078125 0.06171875 0.2390625
4 0.82109375 0.28203125 0.084375 0.1890625
4 0.2984375 0.86953125 0.10078125 0.2609375
7 0.3296875 0.93515625 0.03828125 0.040625
7 0.15859375 0.9328125 0.0375 0.04296875
2 0.37890625 0.93671875 0.0296875 0.03984375
8 0.42890625 0.93671875 0.05078125 0.046875
5 0.47890625 0.9390625 0.0296875 0.0375
3 0.76640625 0.83125 0.0796875 0.31484375
3 0.42890625 0.646875 0.08046875 0.23828125
0 0.46875 0.60390625 0.02265625 0.0484375
3 0.42890625 0.53203125 0.12734375 0.2375
3 0.3421875 0.66015625 0.16328125 0.22421875
3 0.83984375 0.5921875 0.08984375 0.2765625