4 0.31796875 0.253125 0.04765625 0.184375
0 0.67734375 0.3 0.01953125 0.0328125
4 0.834375 0.5484375 0.0734375 0.20859375
3 0.65 0.46015625 0.05546875 0.2140625
3 0.68671875 0.63203125 0.046875 0.24453125
3 0.61953125 0.6703125 0.05546875 0.23671875
3 0.3828125 0.66953125 0.0640625 0.2484375
3 0.29765625 0.38828125 0.04140625 0.209375
3 0.21328125 0.5890625 0.05546875 0.2375
3 0.071875 0.6609375 0.06328125 0.26328125
3 0.021875 0.4421875 0.04296875 0.22265625
4 0.1453125 0.828125 0.05234375 0.13984375
3 0.684375 0.3328125 0.0953125 0.25234375
1 0.66171875 0.2390625 0.0390625 0.06171875
6 0.35703125 0.84453125 0.0921875 0.02578125
6 0.6171875 0.84296875 0.03671875 0.02734375
7 0.440625 0.8671875 0.04375 0.05546875
7 0.55859375 0.8625 0.04609375 0.059375
8 0.49921875 0.85 0.0484375 0.0328125
5 0.48515625 0.8796875 0.02265625 0.0296875
2 0.51171875 0.88046875 0.02734375 0.02734375