2 0.8796875 0.9265625 0.0203125 0.03046875
5 0.85703125 0.928125 0.0171875 0.02734375
8 0.8265625 0.92578125 0.034375 0.0375
7 0.78515625 0.925 0.0328125 0.03671875
7 0.7078125 0.925 0.034375 0.03984375
0 0.4703125 0.49765625 0.0203125 0.0359375
4 0.1765625 0.3421875 0.053125 0.1953125
4 0.69375 0.32890625 0.03828125 0.21640625
4 0.4890625 0.89375 0.04375 0.19140625
3 0.71875 0.76640625 0.0640625 0.240625
3 0.60703125 0.71015625 0.09609375 0.284375
3 0.54765625 0.70078125 0.05546875 0.275
3 0.65078125 0.528125 0.07578125 0.23828125
3 0.4953125 0.27109375 0.040625 0.21171875
3 0.5125 0.3484375 0.0640625 0.21171875
3 0.5265625 0.478125 0.06328125 0.2234375
3 0.465625 0.49453125 0.06953125 0.184375
3 0.27265625 0.58671875 0.06953125 0.2515625
3 0.1203125 0.640625 0.0734375 0.27421875