6 0.35625 0.84453125 0.090625 0.0265625
7 0.44140625 0.86484375 0.03671875 0.053125
8 0.49921875 0.84921875 0.04921875 0.03203125
5 0.484375 0.8796875 0.01953125 0.02890625
2 0.51015625 0.88125 0.021875 0.02734375
7 0.55859375 0.8640625 0.03984375 0.05234375
6 0.61640625 0.84375 0.03359375 0.02421875
4 0.66171875 0.73671875 0.03984375 0.115625
1 0.34609375 0.26328125 0.03203125 0.059375
3 0.19453125 0.490625 0.04609375 0.15625
4 0.0703125 0.6359375 0.03828125 0.21171875
0 0.35078125 0.25546875 0.015625 0.02578125
3 0.31328125 0.4421875 0.05703125 0.1859375
3 0.35546875 0.44375 0.04609375 0.2578125
3 0.32421875 0.5921875 0.078125 0.22109375
3 0.38984375 0.4703125 0.05546875 0.1890625
3 0.4390625 0.478125 0.053125 0.1640625
3 0.47890625 0.63125 0.0640625 0.2046875
3 0.51953125 0.32421875 0.05546875 0.1484375
4 0.61015625 0.27578125 0.0421875 0.18046875
3 0.8125 0.69140625 0.075 0.2421875
3 0.7984375 0.42265625 0.053125 0.18515625