2 0.8796875 0.9265625 0.0203125 0.03046875
5 0.85703125 0.928125 0.0171875 0.02734375
8 0.8265625 0.92578125 0.034375 0.0375
7 0.78515625 0.925 0.0328125 0.03671875
7 0.7078125 0.925 0.034375 0.03984375
3 0.44140625 0.58515625 0.07578125 0.28203125
0 0.50625 0.38828125 0.01640625 0.02890625
1 0.3703125 0.33125 0.03828125 0.0734375
4 0.2921875 0.40625 0.04765625 0.1984375
4 0.59453125 0.9421875 0.0640625 0.115625
3 0.52578125 0.67265625 0.06015625 0.271875
3 0.55625 0.54609375 0.0453125 0.17734375
3 0.5953125 0.525 0.07421875 0.19375
3 0.5953125 0.696875 0.05 0.28984375
3 0.81640625 0.41171875 0.05390625 0.24140625
3 0.5546875 0.41484375 0.09140625 0.2140625
3 0.49765625 0.3796875 0.05703125 0.14453125