2 0.8796875 0.9265625 0.0203125 0.03046875
5 0.85703125 0.928125 0.0171875 0.02734375
8 0.8265625 0.92578125 0.034375 0.0375
7 0.784375 0.92578125 0.01953125 0.03984375
7 0.70703125 0.92578125 0.02421875 0.04140625
0 0.559375 0.78125 0.021875 0.03671875
1 0.28671875 0.26328125 0.0328125 0.06796875
3 0.42890625 0.30703125 0.040625 0.19140625
3 0.384375 0.4453125 0.04375 0.2203125
3 0.47578125 0.6296875 0.075 0.240625
3 0.5484375 0.64765625 0.06484375 0.284375
3 0.58828125 0.64609375 0.046875 0.21796875
3 0.6171875 0.73828125 0.12109375 0.22109375
3 0.71953125 0.46015625 0.0421875 0.21328125
3 0.72734375 0.365625 0.05859375 0.20546875
3 0.5859375 0.42578125 0.04765625 0.2
3 0.79765625 0.403125 0.0484375 0.20703125
4 0.6375 0.8859375 0.059375 0.228125
4 0.6234375 0.28671875 0.0359375 0.1890625