7 0.7078125 0.92734375 0.02109375 0.03984375
7 0.7828125 0.92734375 0.02109375 0.03984375
5 0.85703125 0.9265625 0.01796875 0.02734375
2 0.8796875 0.92734375 0.021875 0.03203125
8 0.82734375 0.9265625 0.03671875 0.03125
3 0.7828125 0.690625 0.05390625 0.2359375
0 0.2890625 0.61796875 0.01484375 0.025
3 0.2546875 0.43203125 0.05 0.15546875
4 0.23515625 0.38515625 0.0203125 0.16328125
4 0.58359375 0.8125 0.046875 0.19921875
4 0.70390625 0.4109375 0.02734375 0.1515625
3 0.4875 0.33359375 0.0546875 0.15546875
3 0.50625 0.43984375 0.0421875 0.16875
3 0.36796875 0.53984375 0.0671875 0.1703125
3 0.28515625 0.61484375 0.05546875 0.2015625
3 0.37890625 0.7953125 0.08359375 0.23125
3 0.4390625 0.59453125 0.0578125 0.16796875
3 0.51328125 0.65546875 0.0546875 0.2109375
3 0.63125 0.53671875 0.05703125 0.2
1 0.65234375 0.3203125 0.02890625 0.05078125