7 0.70703125 0.92734375 0.0296875 0.03984375
7 0.784375 0.9265625 0.02890625 0.03984375
5 0.85703125 0.9265625 0.01796875 0.02734375
2 0.8796875 0.92734375 0.021875 0.03203125
8 0.82734375 0.9265625 0.0328125 0.03125
4 0.3125 0.9046875 0.06484375 0.190625
0 0.86171875 0.54140625 0.0203125 0.03359375
3 0.89375 0.7 0.06875 0.265625
4 0.88984375 0.39921875 0.03984375 0.18046875
3 0.76640625 0.44375 0.06328125 0.2359375
3 0.69453125 0.4796875 0.06328125 0.215625
3 0.5390625 0.359375 0.08125 0.17734375
3 0.4453125 0.39921875 0.04921875 0.21796875
3 0.334375 0.62890625 0.0671875 0.29296875
3 0.37421875 0.5703125 0.0609375 0.24296875
3 0.4921875 0.60234375 0.05390625 0.2640625
3 0.63203125 0.76640625 0.11328125 0.275
3 0.1953125 0.6546875 0.04609375 0.253125
1 0.2828125 0.31953125 0.0390625 0.0734375
4 0.20703125 0.41953125 0.046875 0.2109375