6 0.7828125 0.84921875 0.0453125 0.03125
6 0.7828125 0.8875 0.040625 0.03828125
7 0.828125 0.84921875 0.028125 0.03515625
7 0.82734375 0.88828125 0.02734375 0.03671875
8 0.87890625 0.84765625 0.04375 0.03515625
2 0.86484375 0.89140625 0.02421875 0.03046875
5 0.89453125 0.8890625 0.01953125 0.03203125
0 0.86015625 0.58046875 0.01796875 0.0390625
3 0.87265625 0.5921875 0.05625 0.221875
4 0.878125 0.54296875 0.03125 0.20390625
3 0.66875 0.58515625 0.0296875 0.240625
3 0.53984375 0.49609375 0.1 0.2109375
3 0.51953125 0.39375 0.04375 0.18359375
3 0.259375 0.43125 0.053125 0.1953125
3 0.25 0.3265625 0.034375 0.19375
3 0.215625 0.44765625 0.04765625 0.19609375
3 0.42734375 0.61953125 0.09296875 0.2390625
3 0.39921875 0.5875 0.06953125 0.25234375
3 0.425 0.61796875 0.05390625 0.2734375
4 0.23671875 0.31015625 0.02890625 0.15703125
4 0.33515625 0.70859375 0.04609375 0.24296875
1 0.57890625 0.24140625 0.0328125 0.0609375