7 0.7078125 0.92734375 0.02109375 0.03984375
7 0.7828125 0.92734375 0.02109375 0.03984375
5 0.85703125 0.9265625 0.01796875 0.02734375
2 0.8796875 0.92734375 0.021875 0.03203125
8 0.82734375 0.9265625 0.03671875 0.03125
1 0.3859375 0.35078125 0.03203125 0.06484375
4 0.353125 0.39375 0.03046875 0.15390625
4 0.45078125 0.896875 0.053125 0.20625
4 0.940625 0.4234375 0.0375 0.16875
3 0.96875 0.5375 0.04140625 0.2015625
3 0.5953125 0.371875 0.05234375 0.15859375
3 0.5046875 0.3546875 0.04765625 0.1609375
3 0.503125 0.48203125 0.05859375 0.1703125
3 0.4875 0.4984375 0.04609375 0.2046875
3 0.5875 0.54765625 0.053125 0.2078125
3 0.440625 0.57421875 0.0484375 0.20390625
3 0.3609375 0.62578125 0.06015625 0.20546875
3 0.3515625 0.6390625 0.0609375 0.22734375