6 0.35546875 0.8453125 0.0890625 0.02109375
7 0.440625 0.86484375 0.03984375 0.05
8 0.5 0.84921875 0.04453125 0.0296875
2 0.51171875 0.88046875 0.02578125 0.0203125
5 0.48515625 0.88046875 0.01875 0.0234375
7 0.559375 0.8640625 0.04453125 0.05390625
6 0.6171875 0.84375 0.034375 0.02265625
0 0.58671875 0.14296875 0.02109375 0.03203125
1 0.590625 0.19140625 0.03828125 0.07109375
3 0.57421875 0.32578125 0.07890625 0.3421875
3 0.56953125 0.37265625 0.078125 0.3515625
4 0.6921875 0.31171875 0.04609375 0.23671875
3 0.5125 0.4703125 0.053125 0.2765625
4 0.5375 0.74765625 0.05625 0.09296875
3 0.33671875 0.61953125 0.0640625 0.278125
3 0.25390625 0.425 0.09375 0.246875
3 0.39453125 0.3140625 0.07578125 0.24921875
3 0.43359375 0.53671875 0.0546875 0.2859375
3 0.25625 0.23984375 0.0703125 0.23828125
3 0.04296875 0.71640625 0.06328125 0.30234375