4 0.32890625 0.74140625 0.05234375 0.10546875
4 0.9390625 0.58046875 0.03984375 0.25625
1 0.68203125 0.18046875 0.04140625 0.07109375
0 0.69296875 0.21796875 0.01875 0.03515625
3 0.69609375 0.3640625 0.06484375 0.2828125
3 0.628125 0.41484375 0.0453125 0.2390625
3 0.40859375 0.39453125 0.0625 0.22578125
3 0.571875 0.21171875 0.053125 0.20625
3 0.33828125 0.35859375 0.0875 0.2296875
4 0.29609375 0.2140625 0.04296875 0.20234375
3 0.37890625 0.53984375 0.05234375 0.2734375
3 0.65859375 0.48828125 0.03984375 0.25
3 0.5 0.51875 0.07265625 0.271875
3 0.740625 0.5859375 0.04296875 0.24375
3 0.76796875 0.67421875 0.096875 0.26171875
7 0.440625 0.8640625 0.0296875 0.05703125
7 0.5578125 0.86328125 0.0234375 0.0515625
6 0.35625 0.8453125 0.09375 0.028125
6 0.6171875 0.84375 0.034375 0.02421875
8 0.49921875 0.85 0.04921875 0.03359375
5 0.484375 0.88125 0.0234375 0.03203125
2 0.51171875 0.88046875 0.02109375 0.02734375