6 0.35546875 0.84453125 0.08828125 0.0203125
6 0.61640625 0.84375 0.034375 0.021875
7 0.440625 0.86484375 0.0390625 0.05
7 0.55859375 0.8640625 0.04375 0.05234375
8 0.49921875 0.84921875 0.0453125 0.0296875
5 0.484375 0.8796875 0.01953125 0.02890625
2 0.5109375 0.8796875 0.0265625 0.025
0 0.58671875 0.18125 0.01953125 0.03203125
1 0.584375 0.171875 0.0359375 0.0515625
3 0.62109375 0.346875 0.0734375 0.265625
3 0.58515625 0.346875 0.04609375 0.340625
3 0.6625 0.50390625 0.05078125 0.22890625
4 0.0875 0.225 0.03515625 0.20859375
4 0.76484375 0.46171875 0.03671875 0.22890625
4 0.453125 0.74453125 0.05625 0.1078125
3 0.01015625 0.44609375 0.0203125 0.2421875
3 0.23515625 0.65625 0.0734375 0.27578125
3 0.3453125 0.26640625 0.0546875 0.20234375
3 0.36875 0.43203125 0.046875 0.24765625
3 0.3796875 0.60234375 0.053125 0.28203125
3 0.509375 0.4296875 0.05703125 0.22109375
3 0.54765625 0.4515625 0.06015625 0.23984375