2 0.8796875 0.9265625 0.0203125 0.03046875
5 0.85703125 0.928125 0.0171875 0.02734375
8 0.8265625 0.92578125 0.034375 0.0375
7 0.784375 0.92578125 0.01953125 0.03984375
7 0.70703125 0.92578125 0.02421875 0.04140625
1 0.7796875 0.296875 0.03203125 0.05625
3 0.72265625 0.53203125 0.0671875 0.2234375
3 0.675 0.62734375 0.07890625 0.35859375
0 0.26015625 0.50390625 0.01953125 0.0265625
3 0.2828125 0.52265625 0.06484375 0.1421875
3 0.3296875 0.51953125 0.03515625 0.14296875
3 0.35625 0.5 0.0796875 0.18203125
3 0.3140625 0.6171875 0.1046875 0.3421875
3 0.4640625 0.521875 0.0625 0.15859375
3 0.47421875 0.55 0.0828125 0.2296875
3 0.62734375 0.5578125 0.075 0.27109375
4 0.97109375 0.60625 0.05703125 0.28984375