6 0.35546875 0.84453125 0.08828125 0.0203125
6 0.61640625 0.84375 0.034375 0.021875
7 0.440625 0.86484375 0.0390625 0.05
7 0.55859375 0.8640625 0.04375 0.05234375
8 0.49921875 0.84921875 0.0453125 0.0296875
5 0.484375 0.8796875 0.01953125 0.02890625
2 0.5109375 0.8796875 0.0265625 0.025
4 0.4796875 0.75234375 0.04765625 0.090625
4 0.23125 0.35703125 0.034375 0.23359375
4 0.93828125 0.225 0.05234375 0.2140625
3 0.68828125 0.51875 0.10625 0.22578125
3 0.71171875 0.49921875 0.08984375 0.2203125
3 0.5421875 0.43125 0.06640625 0.2046875
3 0.4921875 0.378125 0.109375 0.22578125
3 0.4828125 0.21484375 0.0421875 0.19375
3 0.47578125 0.2984375 0.04921875 0.2078125
3 0.35859375 0.5 0.05078125 0.26484375
3 0.43046875 0.54609375 0.06171875 0.25
3 0.50859375 0.7046875 0.0546875 0.1796875
1 0.37890625 0.2109375 0.03984375 0.07734375
0 0.534375 0.43515625 0.0203125 0.028125