2 0.8796875 0.9265625 0.0203125 0.03046875
5 0.85703125 0.928125 0.0171875 0.02734375
8 0.8265625 0.92578125 0.034375 0.0375
7 0.784375 0.92578125 0.01953125 0.03984375
7 0.70703125 0.92578125 0.02421875 0.04140625
0 0.25 0.56171875 0.0140625 0.02734375
4 0.0984375 0.62578125 0.04921875 0.21015625
4 0.575 0.86640625 0.078125 0.221875
1 0.30546875 0.309375 0.02734375 0.05859375
3 0.3390625 0.44921875 0.05859375 0.17265625
3 0.38359375 0.43125 0.06875 0.1890625
3 0.2921875 0.5484375 0.059375 0.2109375
3 0.4390625 0.4859375 0.0484375 0.2203125
3 0.4890625 0.46796875 0.0484375 0.1921875
3 0.55234375 0.559375 0.03359375 0.20390625
3 0.73515625 0.3625 0.06484375 0.1546875
3 0.89375 0.390625 0.0453125 0.1703125
3 0.3140625 0.7640625 0.0828125 0.20234375