4 0.6859375 0.684375 0.0546875 0.16953125
3 0.821875 0.52421875 0.0703125 0.23828125
3 0.9546875 0.6015625 0.07265625 0.25859375
3 0.42265625 0.32265625 0.05625 0.15234375
3 0.403125 0.35390625 0.0625 0.2078125
3 0.39375 0.4671875 0.12890625 0.2046875
3 0.2796875 0.41796875 0.0609375 0.19453125
3 0.1359375 0.53671875 0.0875 0.22109375
0 0.40390625 0.3 0.021875 0.0375
3 0.48359375 0.5359375 0.0375 0.353125
3 0.49921875 0.4546875 0.08046875 0.228125
3 0.53828125 0.64765625 0.0609375 0.31015625
1 0.18046875 0.090625 0.0328125 0.0625