7 0.7078125 0.92734375 0.02109375 0.03984375
7 0.7828125 0.92734375 0.02109375 0.03984375
5 0.85703125 0.9265625 0.01796875 0.02734375
2 0.8796875 0.92734375 0.021875 0.03203125
8 0.82734375 0.9265625 0.03671875 0.03125
1 0.259375 0.2984375 0.0296875 0.05078125
3 0.3625 0.32421875 0.0375 0.12265625
4 0.1453125 0.4890625 0.040625 0.1890625
4 0.2875 0.80078125 0.04765625 0.2078125
4 0.7984375 0.3640625 0.025 0.14765625
3 0.7375 0.4421875 0.046875 0.16875
3 0.64921875 0.525 0.0578125 0.18671875
3 0.62890625 0.5421875 0.0359375 0.1890625
3 0.5046875 0.52578125 0.04765625 0.19453125
3 0.6078125 0.69453125 0.06953125 0.2
3 0.66875 0.70078125 0.0796875 0.24375
0 0.7109375 0.62265625 0.015625 0.03046875
3 0.096875 0.721875 0.05390625 0.215625
3 0.2375 0.64609375 0.04609375 0.2140625
3 0.3390625 0.4296875 0.02734375 0.17578125