6 0.35546875 0.84453125 0.08828125 0.0203125
6 0.61640625 0.84375 0.034375 0.021875
7 0.440625 0.86484375 0.0390625 0.05
7 0.55859375 0.8640625 0.04375 0.05234375
8 0.49921875 0.84921875 0.0453125 0.0296875
5 0.484375 0.8796875 0.01953125 0.02890625
2 0.5109375 0.8796875 0.0265625 0.025
1 0.3265625 0.175 0.03515625 0.071875
4 0.20078125 0.2515625 0.04609375 0.1890625
4 0.47734375 0.715625 0.05234375 0.16015625
3 0.2109375 0.66875 0.06171875 0.25703125
3 0.2296875 0.5859375 0.084375 0.25703125
0 0.3765625 0.3984375 0.01640625 0.028125
3 0.39375 0.50234375 0.05390625 0.21640625
3 0.41640625 0.428125 0.046875 0.26640625
3 0.43828125 0.3078125 0.04296875 0.21328125
3 0.46640625 0.18359375 0.05078125 0.19296875
3 0.62578125 0.29375 0.0609375 0.1828125
3 0.59140625 0.34375 0.05078125 0.2296875
3 0.5765625 0.45703125 0.08125 0.2421875
3 0.665625 0.48984375 0.06875 0.228125
4 0.8109375 0.22265625 0.05859375 0.1890625