7 0.70703125 0.92734375 0.0296875 0.03984375
5 0.85625 0.9265625 0.01796875 0.02890625
2 0.8796875 0.92734375 0.01875 0.028125
8 0.825 0.9265625 0.02734375 0.03125
7 0.784375 0.9265625 0.02890625 0.03828125
4 0.803125 0.87421875 0.0515625 0.2078125
4 0.0390625 0.578125 0.034375 0.20078125
3 0.09609375 0.6453125 0.0453125 0.23828125
3 0.21484375 0.58203125 0.04296875 0.203125
3 0.3703125 0.33125 0.034375 0.14609375
4 0.5640625 0.33828125 0.0265625 0.13515625
3 0.38828125 0.4046875 0.0265625 0.1796875
1 0.2640625 0.31015625 0.02890625 0.0546875
3 0.35625 0.6359375 0.0421875 0.1984375
3 0.42890625 0.7625 0.06953125 0.25
3 0.75859375 0.44375 0.03828125 0.15
3 0.6421875 0.47265625 0.0359375 0.16953125
3 0.70703125 0.5828125 0.04609375 0.1859375
0 0.83203125 0.65234375 0.01640625 0.02578125
3 0.85546875 0.62421875 0.0546875 0.18828125