4 0.1578125 0.33203125 0.05234375 0.2078125
4 0.3859375 0.703125 0.053125 0.1640625
0 0.53984375 0.33203125 0.015625 0.03671875
3 0.315625 0.2375 0.0359375 0.20546875
1 0.2625 0.18671875 0.03046875 0.07109375
3 0.35546875 0.39375 0.0390625 0.2125
3 0.3 0.5625 0.04375 0.23203125
3 0.4546875 0.53515625 0.06015625 0.2640625
3 0.5546875 0.44921875 0.05078125 0.23203125
3 0.60078125 0.53828125 0.07265625 0.2515625
3 0.62734375 0.453125 0.0546875 0.21171875
3 0.68203125 0.30390625 0.0640625 0.21171875
3 0.75078125 0.309375 0.0671875 0.22890625
3 0.83203125 0.51015625 0.0453125 0.22734375
4 0.8125 0.2203125 0.0453125 0.18046875
6 0.35703125 0.84453125 0.0921875 0.0296875
6 0.6171875 0.84296875 0.03515625 0.02265625
7 0.44140625 0.8609375 0.01953125 0.0515625
7 0.559375 0.8625 0.040625 0.05859375
8 0.5 0.8515625 0.04921875 0.03203125
5 0.48515625 0.87890625 0.02265625 0.03203125
2 0.51171875 0.87890625 0.02265625 0.03125