4 0.3109375 0.24921875 0.075 0.23671875
3 0.18984375 0.478125 0.1015625 0.24140625
0 0.23203125 0.51640625 0.0234375 0.040625
3 0.7296875 0.60859375 0.12109375 0.30078125
3 0.8890625 0.53046875 0.06484375 0.28671875
6 0.35546875 0.84453125 0.0890625 0.03046875
6 0.61640625 0.84296875 0.0359375 0.02421875
7 0.5578125 0.86484375 0.04375 0.0546875
7 0.43984375 0.86484375 0.04453125 0.0546875
8 0.49921875 0.84765625 0.04765625 0.0375
5 0.48515625 0.878125 0.02109375 0.0328125
2 0.51171875 0.88046875 0.0296875 0.03046875