7 0.7078125 0.92734375 0.02109375 0.03984375
7 0.7828125 0.92734375 0.02109375 0.03984375
5 0.85703125 0.9265625 0.01796875 0.02734375
2 0.8796875 0.92734375 0.021875 0.03203125
8 0.82734375 0.9265625 0.03671875 0.03125
1 0.6984375 0.340625 0.0296875 0.053125
4 0.69921875 0.40703125 0.021875 0.11953125
0 0.76484375 0.4609375 0.0125 0.021875
3 0.77578125 0.47734375 0.03515625 0.19140625
3 0.53984375 0.4703125 0.040625 0.16875
3 0.4484375 0.4640625 0.03359375 0.1703125
3 0.68046875 0.6265625 0.06796875 0.215625
3 0.37578125 0.428125 0.046875 0.1671875
3 0.17734375 0.48203125 0.08125 0.18515625
3 0.0375 0.49765625 0.06328125 0.20390625
3 0.03828125 0.78828125 0.03515625 0.2625
3 0.27578125 0.7375 0.06953125 0.2375
4 0.44453125 0.87734375 0.06015625 0.165625