6 0.35625 0.84453125 0.0890625 0.01953125
7 0.44140625 0.86484375 0.02265625 0.053125
5 0.48515625 0.88046875 0.01953125 0.02578125
2 0.51171875 0.88046875 0.0203125 0.021875
8 0.49921875 0.84921875 0.04609375 0.02734375
7 0.559375 0.865625 0.03671875 0.0515625
6 0.6171875 0.84296875 0.034375 0.021875
1 0.29453125 0.2046875 0.0375 0.071875
4 0.221875 0.2890625 0.04609375 0.19765625
3 0.3296875 0.39453125 0.0765625 0.225
3 0.353125 0.2609375 0.0421875 0.1890625
3 0.38203125 0.4125 0.04609375 0.23046875
4 0.50234375 0.7359375 0.0515625 0.1265625
3 0.3546875 0.6046875 0.05859375 0.21015625
3 0.34921875 0.6984375 0.0484375 0.20234375
3 0.5625 0.321875 0.10390625 0.1796875
3 0.6421875 0.45390625 0.046875 0.2015625
4 0.8171875 0.24140625 0.0453125 0.1921875
3 0.815625 0.575 0.06171875 0.24453125
3 0.69765625 0.53671875 0.04609375 0.2359375
0 0.7640625 0.32890625 0.015625 0.02890625
3 0.7765625 0.36171875 0.05546875 0.2125