4 0.5703125 0.903125 0.059375 0.19375
1 0.4921875 0.33515625 0.0453125 0.0765625
3 0.30859375 0.69375 0.08515625 0.25078125
3 0.46953125 0.57578125 0.03671875 0.2765625
3 0.47578125 0.6609375 0.0671875 0.303125
3 0.63671875 0.5921875 0.05625 0.28125
3 0.68046875 0.39921875 0.03125 0.21328125
3 0.66171875 0.434375 0.06171875 0.23515625
3 0.909375 0.609375 0.05859375 0.3
0 0.4828125 0.33984375 0.0203125 0.0359375
6 0.78203125 0.8484375 0.04453125 0.0265625
6 0.7828125 0.88828125 0.0375 0.03125
7 0.82734375 0.85 0.02578125 0.03046875
7 0.8265625 0.88984375 0.02578125 0.034375
8 0.8765625 0.846875 0.0390625 0.0296875
2 0.8640625 0.89140625 0.02265625 0.02578125
5 0.89375 0.88984375 0.02109375 0.02734375