3 0.553125 0.53828125 0.09921875 0.19375
3 0.3375 0.40390625 0.0515625 0.1828125
3 0.87890625 0.57734375 0.06640625 0.1921875
3 0.5828125 0.43984375 0.05390625 0.18984375
3 0.44609375 0.378125 0.0578125 0.20625
3 0.35625 0.621875 0.0765625 0.178125
4 0.02109375 0.56484375 0.04140625 0.2265625
4 0.36171875 0.77578125 0.11171875 0.23671875
3 0.81953125 0.35 0.040625 0.19921875
3 0.3671875 0.60703125 0.0859375 0.18046875
3 0.33203125 0.31171875 0.034375 0.10546875
3 0.50859375 0.28125 0.04765625 0.18828125
4 0.66484375 0.30078125 0.0453125 0.19140625
0 0.38203125 0.61953125 0.02109375 0.03125
1 0.31171875 0.23984375 0.028125 0.06171875
8 0.2140625 0.83515625 0.04609375 0.03359375
2 0.15625 0.83828125 0.046875 0.0359375
7 0.146875 0.884375 0.0265625 0.03984375
7 0.271875 0.88203125 0.028125 0.0375
5 0.27421875 0.83671875 0.0296875 0.03671875