4 0.29296875 0.33203125 0.03203125 0.15703125
3 0.5828125 0.58671875 0.08046875 0.1796875
4 0.40234375 0.71796875 0.0359375 0.1578125
3 0.72734375 0.39375 0.02734375 0.1515625
3 0.53203125 0.6078125 0.05703125 0.20390625
4 0.87578125 0.340625 0.028125 0.1546875
1 0.33515625 0.25859375 0.02421875 0.04921875
6 0.340625 0.9046875 0.04609375 0.0328125
6 0.47890625 0.90703125 0.05078125 0.0359375
7 0.41015625 0.90546875 0.065625 0.03671875
7 0.55 0.90703125 0.06328125 0.0359375
2 0.61328125 0.90625 0.028125 0.03203125
8 0.67734375 0.90859375 0.05859375 0.0296875
5 0.73984375 0.90859375 0.01953125 0.03203125
3 0.44453125 0.3265625 0.0484375 0.1640625
3 0.484375 0.2890625 0.046875 0.16015625
3 0.56171875 0.28828125 0.03515625 0.14609375
3 0.51171875 0.37265625 0.05 0.16328125
3 0.56015625 0.44140625 0.0625 0.1453125
3 0.61328125 0.50390625 0.05546875 0.18984375
3 0.64140625 0.49453125 0.04921875 0.20078125