7 0.18046875 0.84765625 0.046875 0.0515625
7 0.11953125 0.85 0.046875 0.0484375
2 0.07109375 0.94453125 0.08984375 0.0328125
8 0.22421875 0.94453125 0.02890625 0.03046875
4 0.20859375 0.70703125 0.04140625 0.20703125
0 0.38203125 0.37890625 0.021875 0.0390625
1 0.3890625 0.371875 0.04296875 0.07734375
3 0.4453125 0.52734375 0.05390625 0.2984375
3 0.67421875 0.3765625 0.04375 0.23828125
3 0.82890625 0.85078125 0.05546875 0.2984375
3 0.38515625 0.68515625 0.06953125 0.29296875
3 0.32265625 0.84296875 0.1015625 0.18984375
4 0.88671875 0.3875 0.05859375 0.253125