8 0.8265625 0.9265625 0.0375 0.03046875
7 0.78125 0.925 0.025 0.0359375
2 0.878125 0.92421875 0.02109375 0.028125
5 0.85703125 0.92734375 0.01953125 0.0328125
7 0.70625 0.9234375 0.02421875 0.03984375
3 0.1546875 0.73125 0.06015625 0.19765625
3 0.3296875 0.5109375 0.06875 0.20390625
1 0.340625 0.2921875 0.0296875 0.06015625
4 0.33984375 0.3375 0.02578125 0.159375
3 0.3828125 0.46328125 0.05546875 0.21484375
3 0.434375 0.4875 0.0375 0.21015625
3 0.47578125 0.51875 0.04140625 0.19609375
3 0.5125 0.6546875 0.0625 0.20234375
3 0.55 0.73984375 0.0578125 0.21171875
4 0.35625 0.78359375 0.05 0.19375
3 0.70078125 0.42578125 0.03515625 0.18046875
3 0.74453125 0.4203125 0.053125 0.1953125
4 0.89609375 0.3640625 0.0671875 0.16171875
4 0.884375 0.60625 0.05703125 0.2203125