0 0.36953125 0.65859375 0.0234375 0.04296875
4 0.15625 0.76171875 0.0703125 0.26171875
4 0.340625 0.13671875 0.03984375 0.1984375
3 0.4125 0.2171875 0.07734375 0.23671875
3 0.5453125 0.259375 0.0421875 0.22890625
3 0.63203125 0.44609375 0.06953125 0.26484375
3 0.61796875 0.46953125 0.0875 0.2609375
3 0.57265625 0.5078125 0.075 0.278125
3 0.709375 0.496875 0.06015625 0.29921875
3 0.42890625 0.59765625 0.11015625 0.19921875
3 0.375 0.61484375 0.1078125 0.23828125
3 0.2484375 0.48984375 0.07890625 0.2375
3 0.1578125 0.5453125 0.06328125 0.25703125
1 0.7578125 0.125 0.04375 0.09140625
6 0.3546875 0.8453125 0.0875 0.03203125
6 0.6171875 0.8421875 0.03515625 0.021875
7 0.56015625 0.8625 0.04375 0.05078125
7 0.4421875 0.865625 0.04609375 0.06015625
8 0.5 0.84921875 0.05078125 0.03125
5 0.48515625 0.87890625 0.02265625 0.03125
2 0.51171875 0.8796875 0.02734375 0.02890625