7 0.70703125 0.92734375 0.0296875 0.03984375
7 0.784375 0.9265625 0.02890625 0.03984375
5 0.85703125 0.9265625 0.01796875 0.02734375
2 0.8796875 0.92734375 0.021875 0.03203125
8 0.82734375 0.9265625 0.0328125 0.03125
4 0.53046875 0.909375 0.08359375 0.18125
4 0.83203125 0.68046875 0.07578125 0.3015625
3 0.83359375 0.87734375 0.0828125 0.2453125
3 0.61015625 0.6453125 0.0671875 0.3578125
3 0.496875 0.62265625 0.05078125 0.3296875
3 0.30546875 0.434375 0.07421875 0.290625
3 0.3359375 0.28046875 0.05234375 0.25
3 0.37890625 0.43046875 0.0671875 0.290625
3 0.440625 0.3421875 0.03671875 0.284375
3 0.52734375 0.4453125 0.071875 0.3171875
0 0.60078125 0.328125 0.0203125 0.03828125
3 0.61875 0.51953125 0.05625 0.290625
3 0.584375 0.509375 0.04921875 0.33359375
1 0.60390625 0.21796875 0.04453125 0.0796875