2 0.8796875 0.9265625 0.0203125 0.03046875
5 0.85703125 0.928125 0.0171875 0.02734375
8 0.8265625 0.92578125 0.034375 0.0375
7 0.78515625 0.925 0.0328125 0.03671875
7 0.7078125 0.925 0.034375 0.03984375
4 0.63671875 0.83046875 0.06796875 0.27890625
4 0.16484375 0.35234375 0.04375 0.20390625
0 0.57265625 0.31328125 0.015625 0.0296875
1 0.715625 0.259375 0.03671875 0.0671875
3 0.7 0.77890625 0.06796875 0.225
3 0.69921875 0.60859375 0.05546875 0.18046875
3 0.61484375 0.50234375 0.07890625 0.25703125
3 0.57734375 0.37265625 0.046875 0.171875
3 0.53515625 0.3015625 0.040625 0.19921875
3 0.29921875 0.63203125 0.05390625 0.3234375
3 0.19140625 0.41015625 0.0359375 0.215625
3 0.36015625 0.48515625 0.04296875 0.2375
3 0.4484375 0.45 0.06484375 0.22265625
3 0.45859375 0.584375 0.046875 0.2578125