4 0.19296875 0.34140625 0.0421875 0.196875
4 0.440625 0.728125 0.0515625 0.1390625
4 0.86484375 0.25546875 0.040625 0.19453125
0 0.7828125 0.36796875 0.01875 0.03515625
3 0.67265625 0.26796875 0.0359375 0.17109375
3 0.7875 0.49453125 0.04921875 0.26484375
3 0.696875 0.5125 0.0640625 0.21328125
3 0.6421875 0.5140625 0.04140625 0.2671875
3 0.61171875 0.38359375 0.040625 0.21484375
3 0.48671875 0.31953125 0.05625 0.20234375
3 0.36328125 0.2703125 0.0453125 0.12421875
3 0.3578125 0.39140625 0.04921875 0.221875
3 0.23046875 0.54453125 0.065625 0.21484375
3 0.2609375 0.71953125 0.07890625 0.20859375
1 0.315625 0.21171875 0.034375 0.0703125
6 0.35625 0.84453125 0.0875 0.0171875
6 0.61640625 0.84375 0.034375 0.0234375
8 0.49921875 0.85 0.03671875 0.02890625
5 0.48359375 0.8796875 0.01796875 0.02421875
2 0.51171875 0.8796875 0.02578125 0.02265625
7 0.44140625 0.86484375 0.04296875 0.0515625
7 0.559375 0.86328125 0.04296875 0.0515625