2 0.8796875 0.9265625 0.0203125 0.03046875
5 0.85703125 0.928125 0.0171875 0.02734375
8 0.8265625 0.92578125 0.034375 0.0375
7 0.78515625 0.925 0.0328125 0.03671875
7 0.7078125 0.925 0.034375 0.03984375
1 0.34140625 0.27421875 0.034375 0.05625
4 0.2515625 0.40234375 0.0390625 0.18671875
4 0.6734375 0.296875 0.0390625 0.1484375
4 0.6953125 0.825 0.05078125 0.13125
0 0.7046875 0.4734375 0.0140625 0.02890625
3 0.68515625 0.4703125 0.0828125 0.165625
3 0.65078125 0.43515625 0.06484375 0.22578125
3 0.67421875 0.3875 0.03125 0.171875
3 0.746875 0.365625 0.03359375 0.16875
3 0.79296875 0.6921875 0.06640625 0.234375
3 0.64609375 0.58046875 0.04375 0.21328125
3 0.43125 0.4671875 0.06953125 0.20078125
3 0.340625 0.55234375 0.04921875 0.2078125
3 0.2875 0.51953125 0.03671875 0.2203125
3 0.1296875 0.7109375 0.065625 0.2375