3 0.7625 0.79765625 0.10546875 0.4046875
3 0.71953125 0.85546875 0.0453125 0.2890625
3 0.64375 0.73515625 0.196875 0.5296875
3 0.59609375 0.740625 0.2796875 0.51875
3 0.2796875 0.79453125 0.159375 0.41015625
3 0.2234375 0.8640625 0.05625 0.27109375
7 0.471875 0.88046875 0.034375 0.059375
7 0.52734375 0.87890625 0.0296875 0.05625
2 0.48046875 0.821875 0.0890625 0.0265625
8 0.55234375 0.8234375 0.0328125 0.0296875
1 0.8640625 0.12265625 0.10859375 0.190625
1 0.38203125 0.76875 0.0171875 0.0390625
0 0.6859375 0.84765625 0.06875 0.13359375